S10	1	15.6	16.4	17.1	18.4	18.2	17.8	18.5	18.4	18.7
S100	1	18.1	19.5	21.2	21.2	21.4	22	21.6	22	21.9
S101	1	34.9	37.4	38.4	38.7	39	39	38.8	39	39
S102	1	26.6	27.9	28.8	29.7	29.1	29.6	29.7	29.8	29.9
S103	1	37.6	42.1	44	44.6	44.7	44.8	45	44.9	45
S104	1	25.1	27.7	27.9	29.3	30.5	30.6	31.4	31.6	32.3
S105	1	28.1	30	30.3	30.7	30.9	30.9	30.9	30.9	31
S106	1	40.9	48	50.7	50.6	52.1	51.6	52.5	52.7	52.9
S107	1	23.5	24.7	25.4	25.9	27.1	27.4	27.6	27.6	27.6
S108	1	26.5	27.5	28.4	28.3	28.5	28.7	28.6	28.9	29
S109	1	48.9	50.6	52.1	53.6	53.1	53.6	54	54.5	54.7
S11	1	58.7	61.1	62.4	62.7	62.9	62.9	62.9	63	63
S110	1	38.4	39.1	40	40.7	40.7	40.5	40.5	40.8	40.9
S111	1	59.8	62.1	63.3	63.3	63.8	63.9	63.9	64	64
S112	1	37	39.6	40.7	42.5	42.4	43.2	43.2	43.2	43.4
S113	1	26.4	29.5	29.7	29.7	30	29.8	30	30	30
S114	1	39.8	43.7	44.4	45.4	45.4	45.7	45.8	45.9	46
S115	1	29.6	31.7	32.7	32.8	33.1	33.3	33.4	33.6	33.6
S116	1	41.3	48.9	50.8	51	51.7	51.6	51.7	52	51.7
S117	1	39.7	44.4	45.4	46.1	46.9	47.4	47.7	47.7	47.7
S118	1	19.7	21.5	22.1	22.8	23.3	23.4	23.6	23.7	23.7
S119	1	19.9	21.3	22.2	23	23.5	23.8	23.6	24.1	23.8
S12	1	54.3	54.9	55	55	54.9	55	55	55	55
S120	1	36.5	41.7	42.3	43.4	44	44.1	44.6	44.9	44.6
S121	1	26.9	28.1	28.3	29	28.8	28.8	29	29	29
S122	1	36.1	38.4	40.1	40.3	40.5	41.1	41.7	41.6	41.5
S123	1	50.4	55	56.5	57.9	58.5	58.3	58.4	59.2	59.1
S124	1	42.9	47.7	49.4	50.7	51.5	51.7	51.8	51.9	53.3
S125	1	28	30.1	30.3	30.7	31	31	31	31	31
S126	1	52.6	57.9	60	60.7	61.7	61.6	62.6	63	62.9
S127	1	45.2	47.2	47.7	48	47.9	48	47.9	48	48
S128	1	24.5	26.7	27.5	27.8	27.6	27.7	27.8	27.9	28
S129	1	38.9	41.1	42	42	42.5	42.5	42.6	42.6	42.5
S13	1	43.5	44.8	45	45	45	45	45	45	45
S130	1	14.3	15.5	15.8	15.8	16	15.9	15.9	15.9	15.9
S131	1	27.1	28.4	29.1	29.7	29.4	29.7	29.8	29.9	29.9
S132	1	38.2	39.6	40.2	40.6	40.4	40.7	40.7	41	41
S133	1	30.5	32	32.7	32.9	33.4	33.8	33.9	34	33.9
S134	1	57	66.4	69.6	71.3	72.6	73.2	74.1	74	74.1
S135	1	27.2	27.7	28.8	29.4	29.1	30.2	29.9	30	30.6
S136	1	20.3	22.7	23	23.3	23.4	23.8	24	24	23.8
S137	1	13	14.4	15	15.8	15.6	15.7	16.2	16.3	16.5
S138	1	31.2	34.3	35.8	36.8	36.5	37.5	37.9	37.9	37.7
S139	1	45.5	46.8	47.6	48	48.6	48.4	48.8	49.1	49.5
S14	1	26.9	30.4	31.4	31.5	31.7	31.9	32.6	32.4	32.8
S140	1	31.9	33	33.7	33.6	33.7	34	33.9	33.9	34
S141	1	21.3	23.7	24	24.3	24.9	25.2	25.3	25.5	25.8
S142	1	50.3	54.2	54.5	55	55	55.8	55.4	55.4	55.9
S143	1	16.9	17.9	20.5	20.4	21.2	21.9	22	21.7	21.8
S144	1	11.2	11.8	12	12	12	12	12	12	12
S145	1	33.2	35.8	35.9	36.3	36.4	36.3	36.5	36.6	36.8
S146	1	53.2	59.2	61.1	61.6	63.2	62.8	64.4	64.3	65.1
S147	1	25.3	25.5	26.8	26.6	27	27	27.3	27.3	27.5
S148	1	42.4	46.1	47	48.8	49	49.2	49.9	49.7	49.9
S149	1	34.9	36.6	38.5	38.7	39.2	39.1	39.6	39.7	39.9
S15	1	26.8	27.6	27.8	27.9	28	27.9	28	28	28
S150	1	38.7	41.5	41.8	42	42.5	42.5	42.5	42.8	43
S151	1	36	38.8	39.6	41.1	41.6	41.1	42.6	42.6	43
S152	1	31.8	33.3	34.3	34.2	34	34.6	34.6	34.6	34.5
S153	1	34.9	36.4	36.9	37.3	37.7	37.8	37.8	37.9	37.9
S154	1	12.7	13	NA	NA	NA	NA	NA	NA	NA
S155	1	33.9	35.3	36.5	36.5	36.4	36.3	36.5	36.8	37
S156	1	49.1	53.3	54.1	54.6	54.8	54.9	54.9	55	55
S157	1	12.1	14	15.2	15.8	15.8	15.4	16	15.8	15.8
S158	1	39	39.6	39.4	40	40	40	40	40	40
S159	1	31.6	34.3	36.7	37.6	37.2	38.3	38.1	38.7	38.9
S16	1	57.1	59.6	60	60	60	60	60	60	60
S160	1	28	31.5	33.2	33.1	33.5	33.8	33.6	33.7	33.8
S161	1	36.9	39	39.8	39.9	39.9	39.9	39.9	40	40
S162	1	63.8	69.2	69.9	70.8	71	71.2	71.2	71.3	71.4
S163	1	31.8	35	36.2	36.4	36.7	36.8	36.8	37	37
S164	1	54.5	59	61	62.7	62.5	62.7	63	62.9	63
S165	1	36.2	37.8	38.4	38.9	38.7	38.8	38.9	39	38.9
S166	1	25.1	27.1	28.8	29.4	30.7	30.7	30.2	31	31.8
S167	1	21.7	24.8	27.5	28.3	28.8	29.3	29.6	29.8	29.6
S168	1	32.9	34.7	34.9	34.8	35	35	35	35	35
S169	1	38.7	42.7	45.2	46.2	46.6	46.9	46.8	46.7	46.9
S17	1	47.9	50.5	51.3	52.6	53.1	53	53.2	53.7	53.8
S170	1	48.8	51.4	53.8	54.8	54.3	55.4	56.2	56.7	56.7
S171	1	17.2	18	18.6	18.4	19	18.9	18.9	19	18.9
S172	1	38.1	42.6	43.4	44.3	45.7	45.4	45.5	45.6	46.1
S173	1	27.5	31	32.6	32.6	32.9	33	34.1	34.3	33.8
S174	1	29.8	31.2	31.6	32	31.8	31.9	32	32	31.9
S175	1	39.1	42.2	43.7	44.8	44.7	44.7	45.4	45.8	46.1
S176	1	21.2	23.2	26.1	26.8	27.5	27.7	27.8	28.2	28.6
S177	1	30.4	33.2	33.6	34.7	34.3	34.4	34.4	35	34.8
S178	1	32.5	33.7	33.9	34.2	34.5	34.8	34.9	34.7	34.9
S179	1	32.6	37.4	38.8	38.2	38.8	39.2	39.7	39.4	40.2
S18	1	36.9	37.9	37.7	38	38	38	38	38	38
S180	1	27.9	29.7	30.4	31.1	31.4	31.6	32	32.1	32.2
S181	1	23.4	27.3	29.8	30.8	30.9	31.6	31.6	31.2	31.9
S182	1	27	33.3	36.6	38.7	41.1	42.5	42.6	43.9	45.2
S183	1	40.1	42.2	42.9	43.2	44.2	43.9	44	43.9	44.5
S184	1	19.2	20.9	21.4	22.9	22.8	23.1	23.9	24.2	24.3
S185	1	28	29.4	29.8	30	30.2	30.3	30.5	30.5	30.2
S186	1	34.1	37.8	38.5	39.1	39.7	39.4	39.8	39.7	39.9
S187	1	33.1	36	36.7	38.8	39.6	41	40.6	40.8	40.5
S188	1	34.2	36.4	37.7	37.9	37.9	37.9	38	38	38
S189	1	49.6	55	57.5	57.6	58.5	58.6	58.7	58.9	58.9
S19	1	33.3	34.5	35.1	35.6	35.8	35.8	35.9	35.9	36
S190	1	37.3	40.5	41.1	41.4	41.6	41.3	41.7	41.9	41.8
S191	1	28	28.7	29	29.7	29.8	30	29.9	30	29.9
S192	1	23.2	27.7	28.7	29.5	29.6	29.9	29.9	29.9	30
S193	1	33.8	34	34	34	34	34	34	34	34
S194	1	35.8	39.5	42	41.9	43	43.7	43.5	43.5	43.8
S195	1	28.3	31.9	33.2	33.8	34.7	34.4	34.7	34.7	34.7
S196	1	29.3	30.3	30.4	30.5	30.7	30.9	31	31	31
S197	1	62.2	65.1	65.9	65.8	65.9	66	66	66	66
S198	1	40.2	43.7	45.8	46	46.5	46.3	46.8	46.6	47
S199	1	71.3	77.8	80.6	81.5	81.7	82.1	82.7	82.8	82.9
S2	1	27.1	28.2	28.3	28.8	28.7	28.7	28.9	28.8	29
S20	1	31.5	38.7	41.8	47	49.6	52.4	55.7	54.8	57.1
S200	1	51.4	52.7	52.9	53	53	53	53	53	53
S201	1	44.5	48.1	48.5	48.8	49	49	49	49	49
S202	1	46.2	48.2	48.9	49	48.8	49	49	49	49
S203	1	22.6	25.4	26.2	26.5	27.7	27.8	27.7	27.9	27.8
S204	1	32.3	36.2	37.5	37.8	38.8	38.2	38.9	38.4	38.7
S205	1	24	27	27.4	28	28.4	28.4	28.9	28.7	28.9
S206	1	61.4	69.6	71.1	72.5	72.8	73	72.9	72.9	72.9
S207	1	26.6	27.8	29.2	29.6	29.7	29.9	29.9	30	30
S208	1	33.5	36.9	37.7	37.8	38.3	38.3	38.7	38.9	38.8
S209	1	18.8	20.9	20.9	21	21	21	21	21	21
S21	1	36.4	37.1	37.2	37.5	37.9	37.9	38	38	38
S210	1	11.9	12.7	13	13	12.9	13	13	13	13
S211	1	24.6	29	30.5	31.1	31.6	31.5	31.8	31.7	31.8
S212	1	36.4	38.3	38.9	39	38.9	39	39	39	39
S213	1	25.1	28	29.4	30.3	30.6	30.7	31	30.7	31.6
S214	1	26.1	29.5	29.7	30.6	30.9	30.7	30.9	30.8	30.9
S215	1	18.7	19.9	19.9	20	20	20	20	20	20
S216	1	41.7	45	45.3	45.9	46.7	46.9	46.8	46.8	46.9
S217	1	24.7	25.8	26.3	26.7	26.6	26.6	26.9	26.8	26.8
S218	1	37.6	42	44.4	44.5	45.4	45.6	46.5	45.7	46.4
S219	1	20.7	24.3	25.5	26.4	25.9	26.7	26.6	26.7	26.9
S22	1	23.1	23.5	24.2	24.2	24.3	24.4	24.8	24.7	24.7
S220	1	36.2	37.1	37.9	37.8	37.9	38	38	37.9	38
S23	1	19.3	20.1	20.7	20.9	20.9	21	21	20.9	21
S24	1	67	71.7	71.7	71.8	72	72	72	72	72
S25	1	19	19.4	19.8	20.7	20.2	21.2	21.2	21.3	21.4
S26	1	12.5	13.7	14.8	15.3	15.7	16	16.3	16.4	16.7
S27	1	23.5	24.2	25.6	25.7	25.9	25.8	25.8	26	26
S28	1	19.7	20.8	21.3	21.4	21.3	21.3	21.6	21.2	21.6
S29	1	17.8	19	20.3	20.6	20.9	21	21	21	21
S3	1	47.4	48.7	48.8	48.9	49	48.9	49	49	49
S30	1	78.3	82.9	83.7	83.9	83.9	84	84	83.9	84
S31	1	33.9	36.4	36.6	36.7	37	37	36.9	37	37
S32	1	59.3	65.5	66.5	66.8	66.9	67	67	66.9	67
S33	1	32.8	34	33.9	33.9	33.9	34	34	34	34
S34	1	54.8	58.1	58.3	59.2	58.5	59.4	59.4	59.3	59.7
S35	1	50	53	53.2	54	54.6	54.9	55.2	55.1	54.9
S36	1	38	38.6	38.6	38.7	38.9	38.9	38.9	38.9	39
S37	1	46.9	48.4	49.7	50	50	50	49.9	50	50
S38	1	47.2	48.5	50.2	50.5	50.7	50.8	50.8	51	50.9
S39	1	57.6	62.5	63.8	63.9	64.8	64.8	64.7	64.9	64.9
S4	1	11	NA	NA	NA	NA	NA	NA	NA	NA
S40	1	40.9	43.1	44.5	44.5	44.4	44.7	44.7	44.9	45
S41	1	31.6	35.6	37.1	37.5	38.3	38.8	38.7	38.6	39.3
S42	1	23.2	23.7	23.9	23.9	24	24	24	NA	NA
S43	1	54.7	56.2	56.2	56.4	56.4	56.5	56.8	56.7	56.7
S44	1	20.9	22.8	23.1	23.7	23.8	23.9	24	24	24
S45	1	27.2	28	28.9	29.1	29.4	29.2	29.4	29.6	29.6
S46	1	44.4	46.8	47.7	47.7	47.8	47.6	47.9	47.9	48
S47	1	24.1	24.5	25	24.9	25	25	25	25	25
S48	1	36.2	38.6	39.2	39.2	40.2	40.1	40.4	40.2	40.6
S49	1	36.2	37.8	38.3	38.9	38.8	39	39	39	38.9
S5	1	36.1	38.7	40.7	40.9	41.6	42.6	42.5	42.3	43.3
S50	1	26.3	26.4	27	27.1	27.8	27.8	28	28	28
S51	1	11.3	14	15	16.5	16.7	18.2	17.6	17.7	18.1
S52	1	39.5	40.7	41.2	41.5	41.3	41.7	41.7	41.5	41.8
S53	1	39.1	41.4	42.9	44.2	44	44.1	44.4	44.3	44.7
S54	1	33.1	35.9	37.6	38.9	38.9	39.4	39.4	39.2	39.5
S55	1	44.3	47.9	49.2	49.8	49.9	49.9	50	50	50
S56	1	50.2	54.9	56.2	57.6	57.7	58.9	58.5	59.8	59.8
S57	1	45	47.4	49.8	49.2	49.7	50.2	50.1	50.7	50.6
S58	1	36.9	39.6	40.3	40.4	40.8	40.6	40.9	41	41
S59	1	13.4	14.4	15.9	17	16.2	17.6	17.1	17.2	17.2
S6	1	23.2	25.8	27.2	28.1	28.6	28.5	29.2	30.2	29.9
S60	1	26	27.9	29.2	29.7	29.5	29.6	29.6	29.8	30
S61	1	18.3	19.9	20.5	20.8	20.8	20.8	21	21	21
S62	1	9.1	10.1	10.3	10.6	10.6	10.7	11	10.6	10.9
S63	1	48.5	52	53.9	54.4	54.2	54.5	54.7	54.6	54.9
S64	1	29.5	32.4	33.9	34.5	34.7	34.9	34.7	34.8	35
S65	1	53.4	54.9	55.7	55.9	56	56	56	56	56
S66	1	29.2	31.3	32	31.9	32.2	32.3	32.4	32.3	32.7
S67	1	20	19.8	20	20	20	20	20	20	20
S68	1	23.3	27.5	29.4	29.9	31	30.4	30.9	31.1	31.4
S69	1	34.8	37.1	38.2	39.5	39.7	39.5	39.9	39.8	39.8
S7	1	28.6	31.7	33.5	34.2	34.1	35.1	35.1	35.5	35.4
S70	1	44.5	48.9	51.1	51.4	51.7	51.6	51.6	51.9	52
S71	1	47.2	48	48	48	48	48	48	48	48
S72	1	39.2	45.8	46.5	47.1	47.5	47.8	48.5	48.3	48.4
S73	1	24.6	27.7	28.3	29.2	29.1	29.4	29.6	29.8	29.8
S74	1	32.4	37.5	39.8	40.4	41.3	41.5	41.7	41.9	42
S75	1	25.1	26.4	27	26.9	27	27	27	27	27
S76	1	48.2	50.2	50.9	50.7	50.9	51	51	51	51
S77	1	14	14.3	14.7	14.8	14.9	15	15	15	15
S78	1	NA	NA	NA	NA	NA	NA	NA	NA	NA
S79	1	34.3	37.1	38.5	38.7	39	38.9	38.9	39	39
S8	1	55.4	58.7	58.7	59	59	59	59	59	59
S80	1	42.2	48	48.7	49.4	49.6	50	49.9	49.8	50
S81	1	23.3	23.5	24	24	24	24	24	24	24
S82	1	54.3	58.9	60.8	62.1	62.8	63.3	63.8	63.4	64
S83	1	27.5	30.8	32.1	33.2	34	34.4	34.4	34.5	35.2
S84	1	26.6	31	36.1	36.9	37.6	38.9	40.4	41.2	40.3
S85	1	19.7	20	20	20	20	20	NA	NA	NA
S86	1	22.6	29.1	34.2	38.7	41.7	42.9	45.8	48.4	46.5
S87	1	76.8	80.3	81.5	81.6	81.8	81.9	82	82	82
S88	1	27.1	32.4	33.9	35.1	35.3	35.6	35.8	35.8	36
S89	1	25	27	27.7	27.9	28.3	28.5	28.3	28.7	28.8
S9	1	54.2	55.7	55.6	55.9	56	56	56	56	56
S90	1	19.9	23.9	24.4	24.8	24.8	24.9	25	25	25
S91	1	33.3	37	37.5	37.9	37.8	38	38	38	38
S92	1	32.9	33	33	33	33	33	33	33	33
S93	1	20.3	22.6	23.7	24.4	25.2	25.5	25.8	26.2	26.1
S94	1	19	22.8	23.1	25.4	25.3	27	27.1	28.3	26.7
S95	1	20.5	21.7	21.9	23	22.9	23.1	23.3	23.5	24
S96	1	27.5	28.4	29.2	30.1	30.8	31.2	31	31.5	31.6
S97	1	18.5	19.3	20.2	21.1	21.2	21.3	22.2	21.8	22.6
S98	1	24.8	25.4	26.7	27.4	27.7	27.8	28	28.2	28.3
S99	1	48.8	53.7	55.1	55.5	55.8	56	55.9	55.8	56
